K3:
  dimension: 2
  hodge: 1 0 1 0 20 0 1 0 1
  chern:
    - 2 1 24

K3-2:
  dimension: 4
  hodge: 1 0 1 0 1 0 21 0 21 0 1 0 232 0 1 0 21 0 21 0 1 0 1 0 1
  chern:
    - 2 2 828
    - 4 1 324

K3-3:
  dimension: 6
  hodge: 1 0 1 0 1 0 1 0 21 0 22 0 21 0 1 0 253 0 253 0 1 0 22 0 2004 0 22 0 1 0 253 0 253 0 1 0 21 0 22 0 21 0 1 0 1 0 1 0 1
  chern:
    - 2 3 36800
    - 2 1 4 1 14720
    - 6 1 3200

K3-4:
  dimension: 8
  hodge: 1 0 1 0 1 0 1 0 1 0 21 0 22 0 22 0 21 0 1 0 254 0 275 0 254 0 1 0 22 0 2256 0 2256 0 22 0 1 0 275 0 14234 0 275 0 1 0 22 0 2256 0 2256 0 22 0 1 0 254 0 275 0 254 0 1 0 21 0 22 0 22 0 21 0 1 0 1 0 1 0 1 0 1
  chern:
    - 2 4 1992240
    - 2 2 4 1 813240
    - 4 2 332730
    - 2 1 6 1 182340
    - 8 1 25650

K3-5:
  dimension: 10
  hodge: 1 0 1 0 1 0 1 0 1 0 1 0 21 0 22 0 22 0 22 0 21 0 1 0 254 0 276 0 276 0 254 0 1 0 22 0 2277 0 2530 0 2277 0 22 0 1 0 276 0 16469 0 16469 0 276 0 1 0 22 0 2530 0 87560 0 2530 0 22 0 1 0 276 0 16469 0 16469 0 276 0 1 0 22 0 2277 0 2530 0 2277 0 22 0 1 0 254 0 276 0 276 0 254 0 1 0 21 0 22 0 22 0 22 0 21 0 1 0 1 0 1 0 1 0 1 0 1
  chern:
    - 10 1 176256
    - 6 1 4 1 5075424
    - 6 1 2 2 12168576
    - 8 1 2 1 1774080
    - 4 1 2 3 52697088
    - 2 5 126867456
    - 4 2 2 1 21921408

K3-6:
  dimension: 12
  hodge: 1 0 1 0 1 0 1 0 1 0 1 0 1 0 21 0 22 0 22 0 22 0 22 0 21 0 1 0 254 0 276 0 277 0 276 0 254 0 1 0 22 0 2278 0 2552 0 2552 0 2278 0 22 0 1 0 276 0 16722 0 18977 0 16722 0 276 0 1 0 22 0 2552 0 103775 0 103775 0 2552 0 22 0 1 0 277 0 18977 0 481504 0 18977 0 277 0 1 0 22 0 2552 0 103775 0 103775 0 2552 0 22 0 1 0 276 0 16722 0 18977 0 16722 0 276 0 1 0 22 0 2278 0 2552 0 2552 0 2278 0 22 0 1 0 254 0 276 0 277 0 276 0 254 0 1 0 21 0 22 0 22 0 22 0 22 0 21 0 1 0 1 0 1 0 1 0 1 0 1 0 1
  chern:
    - 6 1 4 1 2 1 392090040
    - 8 1 4 1 59314272
    - 8 1 2 2 139942280
    - 12 1 1073720
    - 6 1 2 3 927397840
    - 10 1 2 1 14450680
    - 4 3 697106648
    - 2 6 9277276480
    - 4 1 2 4 3910848640
    - 4 2 2 2 1650311720
    - 6 2 93495320

K3-7:
  dimension: 14
  hodge: 1 0 1 0 1 0 1 0 1 0 1 0 1 0 1 0 21 0 22 0 22 0 22 0 22 0 22 0 21 0 1 0 254 0 276 0 277 0 277 0 276 0 254 0 1 0 22 0 2278 0 2553 0 2574 0 2553 0 2278 0 22 0 1 0 276 0 16743 0 19252 0 19252 0 16743 0 276 0 1 0 22 0 2553 0 106031 0 122476 0 106031 0 2553 0 22 0 1 0 277 0 19252 0 583002 0 583002 0 19252 0 277 0 1 0 22 0 2574 0 122476 0 2417648 0 122476 0 2574 0 22 0 1 0 277 0 19252 0 583002 0 583002 0 19252 0 277 0 1 0 22 0 2553 0 106031 0 122476 0 106031 0 2553 0 22 0 1 0 276 0 16743 0 19252 0 19252 0 16743 0 276 0 1 0 22 0 2278 0 2553 0 2574 0 2553 0 2278 0 22 0 1 0 254 0 276 0 277 0 277 0 276 0 254 0 1 0 21 0 22 0 22 0 22 0 22 0 22 0 21 0 1 0 1 0 1 0 1 0 1 0 1 0 1 0 1
  chern:
    - 8 1 6 1 1296158976
    - 10 1 4 1 569044224
    - 10 1 2 2 1324608768
    - 6 1 2 4 79324710912
    - 6 1 4 2 14528215296
    - 8 1 4 1 2 1 5296568832
    - 6 1 4 1 2 2 33935583744
    - 4 3 2 1 59674012416
    - 2 7 765374164992
    - 4 1 2 5 326732507136
    - 6 2 2 1 8273055744
    - 4 2 2 3 139582386432
    - 12 1 2 1 102477312
    - 8 1 2 3 12357114624
    - 14 1 5930496

K3-8:
  dimension: 16
  hodge: 1 0 1 0 1 0 1 0 1 0 1 0 1 0 1 0 1 0 21 0 22 0 22 0 22 0 22 0 22 0 22 0 21 0 1 0 254 0 276 0 277 0 277 0 277 0 276 0 254 0 1 0 22 0 2278 0 2553 0 2575 0 2575 0 2553 0 2278 0 22 0 1 0 276 0 16744 0 19274 0 19528 0 19274 0 16744 0 276 0 1 0 22 0 2553 0 106284 0 125006 0 125006 0 106284 0 2553 0 22 0 1 0 277 0 19274 0 599470 0 702926 0 599470 0 19274 0 277 0 1 0 22 0 2575 0 125006 0 2983928 0 2983928 0 125006 0 2575 0 22 0 1 0 277 0 19528 0 702926 0 11251487 0 702926 0 19528 0 277 0 1 0 22 0 2575 0 125006 0 2983928 0 2983928 0 125006 0 2575 0 22 0 1 0 277 0 19274 0 599470 0 702926 0 599470 0 19274 0 277 0 1 0 22 0 2553 0 106284 0 125006 0 125006 0 106284 0 2553 0 22 0 1 0 276 0 16744 0 19274 0 19528 0 19274 0 16744 0 276 0 1 0 22 0 2278 0 2553 0 2575 0 2575 0 2553 0 2278 0 22 0 1 0 254 0 276 0 277 0 277 0 277 0 276 0 254 0 1 0 21 0 22 0 22 0 22 0 22 0 22 0 22 0 21 0 1 0 1 0 1 0 1 0 1 0 1 0 1 0 1 0 1
  chern:
    - 10 1 2 3 133823975040
    - 8 1 2 4 1205400258720
    - 4 2 2 4 13094639681760
    - 8 1 4 2 225987046020
    - 2 8 70277256403200
    - 14 1 2 1 649511820
    - 4 1 2 6 30327407026560
    - 8 2 21049285275
    - 6 1 2 5 7517275416000
    - 8 1 6 1 2 1 130128762960
    - 10 1 4 1 2 1 58033047240
    - 6 1 4 2 2 1 1405173296520
    - 6 2 4 1 349760996280
    - 12 1 4 1 4678568010
    - 12 1 2 2 10767198960
    - 16 1 30178575
    - 4 4 2445207931980
    - 8 1 4 1 2 2 521787430080
    - 6 1 4 1 2 3 3249219677760
    - 6 2 2 2 807925003200
    - 10 1 6 1 14525621460
    - 4 3 2 2 5657019716880

K3-9:
  dimension: 18
  hodge: 1 0 1 0 1 0 1 0 1 0 1 0 1 0 1 0 1 0 1 0 21 0 22 0 22 0 22 0 22 0 22 0 22 0 22 0 21 0 1 0 254 0 276 0 277 0 277 0 277 0 277 0 276 0 254 0 1 0 22 0 2278 0 2553 0 2575 0 2576 0 2575 0 2553 0 2278 0 22 0 1 0 276 0 16744 0 19275 0 19550 0 19550 0 19275 0 16744 0 276 0 1 0 22 0 2553 0 106305 0 125281 0 127558 0 125281 0 106305 0 2553 0 22 0 1 0 277 0 19275 0 601727 0 721902 0 721902 0 601727 0 19275 0 277 0 1 0 22 0 2575 0 125281 0 3087681 0 3667602 0 3087681 0 125281 0 2575 0 22 0 1 0 277 0 19550 0 721902 0 14129384 0 14129384 0 721902 0 19550 0 277 0 1 0 22 0 2576 0 127558 0 3667602 0 49079100 0 3667602 0 127558 0 2576 0 22 0 1 0 277 0 19550 0 721902 0 14129384 0 14129384 0 721902 0 19550 0 277 0 1 0 22 0 2575 0 125281 0 3087681 0 3667602 0 3087681 0 125281 0 2575 0 22 0 1 0 277 0 19275 0 601727 0 721902 0 721902 0 601727 0 19275 0 277 0 1 0 22 0 2553 0 106305 0 125281 0 127558 0 125281 0 106305 0 2553 0 22 0 1 0 276 0 16744 0 19275 0 19550 0 19550 0 19275 0 16744 0 276 0 1 0 22 0 2278 0 2553 0 2575 0 2576 0 2575 0 2553 0 2278 0 22 0 1 0 254 0 276 0 277 0 277 0 277 0 277 0 276 0 254 0 1 0 21 0 22 0 22 0 22 0 22 0 22 0 22 0 22 0 21 0 1 0 1 0 1 0 1 0 1 0 1 0 1 0 1 0 1 0 1
  chern:
    - 8 1 4 2 2 1 24530800855040
    - 6 1 4 2 2 2 148696308725760
    - 10 1 2 4 14747557928960
    - 6 1 4 1 2 4 340787113328640
    - 8 2 2 1 2360786818560
    - 14 1 4 1 33938470560
    - 14 1 2 2 77346804480
    - 16 1 2 1 3748665600
    - 10 1 4 2 2821199089280
    - 10 1 8 1 273089658720
    - 6 1 2 6 781347805921280
    - 6 3 9553579524480
    - 2 9 7105044485242880
    - 8 1 4 1 2 3 56155350159360
    - 4 1 2 7 3095054052884480
    - 8 1 6 1 4 1 6227441933120
    - 18 1 143184000
    - 6 2 4 1 2 1 37660572692480
    - 4 4 2 1 256482451425280
    - 12 1 4 1 2 1 539392972800
    - 6 1 4 3 64907421320960
    - 12 1 6 1 137685310240
    - 4 3 2 3 588050734243840
    - 8 1 2 5 128601459097600
    - 12 1 2 3 1231467509760
    - 6 2 2 3 86242390425600
    - 10 1 6 1 2 1 1640647441920
    - 4 2 2 5 1348811566120960
    - 8 1 6 1 2 2 14244457018880
    - 10 1 4 1 2 2 6448976952320

K3-10:
  dimension: 20
  hodge: 1 0 1 0 1 0 1 0 1 0 1 0 1 0 1 0 1 0 1 0 1 0 21 0 22 0 22 0 22 0 22 0 22 0 22 0 22 0 22 0 21 0 1 0 254 0 276 0 277 0 277 0 277 0 277 0 277 0 276 0 254 0 1 0 22 0 2278 0 2553 0 2575 0 2576 0 2576 0 2575 0 2553 0 2278 0 22 0 1 0 276 0 16744 0 19275 0 19551 0 19572 0 19551 0 19275 0 16744 0 276 0 1 0 22 0 2553 0 106306 0 125303 0 127834 0 127834 0 125303 0 106306 0 2553 0 22 0 1 0 277 0 19275 0 601980 0 724433 0 741153 0 724433 0 601980 0 19275 0 277 0 1 0 22 0 2575 0 125303 0 3104170 0 3790055 0 3790055 0 3104170 0 125303 0 2575 0 22 0 1 0 277 0 19551 0 724433 0 14712111 0 17671980 0 14712111 0 724433 0 19551 0 277 0 1 0 22 0 2576 0 127834 0 3790055 0 62609014 0 62609014 0 3790055 0 127834 0 2576 0 22 0 1 0 277 0 19572 0 741153 0 17671980 0 202385236 0 17671980 0 741153 0 19572 0 277 0 1 0 22 0 2576 0 127834 0 3790055 0 62609014 0 62609014 0 3790055 0 127834 0 2576 0 22 0 1 0 277 0 19551 0 724433 0 14712111 0 17671980 0 14712111 0 724433 0 19551 0 277 0 1 0 22 0 2575 0 125303 0 3104170 0 3790055 0 3790055 0 3104170 0 125303 0 2575 0 22 0 1 0 277 0 19275 0 601980 0 724433 0 741153 0 724433 0 601980 0 19275 0 277 0 1 0 22 0 2553 0 106306 0 125303 0 127834 0 127834 0 125303 0 106306 0 2553 0 22 0 1 0 276 0 16744 0 19275 0 19551 0 19572 0 19551 0 19275 0 16744 0 276 0 1 0 22 0 2278 0 2553 0 2575 0 2576 0 2576 0 2575 0 2553 0 2278 0 22 0 1 0 254 0 276 0 277 0 277 0 277 0 277 0 277 0 276 0 254 0 1 0 21 0 22 0 22 0 22 0 22 0 22 0 22 0 22 0 22 0 21 0 1 0 1 0 1 0 1 0 1 0 1 0 1 0 1 0 1 0 1 0 1
  chern:
    - 6 2 2 4 9985643035208064
    - 12 1 6 1 2 1 17364913158312
    - 4 5 12856151785953456
    - 2 10 784015765747670016
    - 8 1 6 2 191775038293488
    - 6 1 4 1 2 5 38843392796682624
    - 6 3 2 1 1131809390142912
    - 10 1 2 5 1758703316056704
    - 6 2 4 1 2 2 4394286954851616
    - 12 1 4 1 2 2 67076166081096
    - 8 1 4 3 1269802518792480
    - 12 1 2 4 152045432439552
    - 12 1 4 2 29600340453792
    - 4 1 2 8 344349868718803968
    - 12 1 8 1 2965017020340
    - 8 1 6 1 4 1 2 1 743198906501136
    - 4 2 2 6 151292288348880768
    - 4 4 2 2 29232974793607632
    - 20 1 639249300
    - 6 1 4 3 2 1 7515004051819440
    - 10 1 6 1 2 2 200033938656144
    - 6 2 4 2 1934365074963120
    - 8 2 4 1 126041828580756
    - 10 1 4 2 2 1 341463574094256
    - 14 1 4 1 2 1 4384872164952
    - 16 1 4 1 221782223484
    - 16 1 2 2 501196808844
    - 14 1 6 1 1138643559096
    - 10 1 8 1 2 1 34013661979068
    - 6 1 4 2 2 3 17082588734970336
    - 6 1 2 7 88352799453985536
    - 4 3 2 4 66492814703915520
    - 8 1 6 1 2 3 1687307749020288
    - 10 1 4 1 2 3 774819641550240
    - 10 2 4065174516348
    - 8 1 4 1 2 4 6551210934127872
    - 8 1 4 2 2 2 2883767951787984
    - 18 1 2 1 19976926140
    - 10 1 6 1 4 1 88209449234208
    - 8 2 2 2 285897881921148
    - 14 1 2 3 9924722506512
    - 8 1 2 6 14887462352860800

Kum-2:
  dimension: 4
  hodge: 1 0 1 0 1 0 5 4 5 0 1 4 96 4 1 0 5 4 5 0 1 0 1 0 1
  chern:
    - 2 2 756
    - 4 1 108

Kum-3:
  dimension: 6
  hodge: 1 0 1 0 1 0 1 0 5 4 6 4 5 0 1 4 37 24 37 4 1 0 6 24 372 24 6 0 1 4 37 24 37 4 1 0 5 4 6 4 5 0 1 0 1 0 1 0 1
  chern:
    - 2 3 30208
    - 2 1 4 1 6784
    - 6 1 448

Kum-4:
  dimension: 8
  hodge: 1 0 1 0 1 0 1 0 1 0 5 4 6 4 6 4 5 0 1 4 22 28 33 28 22 4 1 0 6 28 88 112 88 28 6 0 1 4 33 112 814 112 33 4 1 0 6 28 88 112 88 28 6 0 1 4 22 28 33 28 22 4 1 0 5 4 6 4 6 4 5 0 1 0 1 0 1 0 1 0 1
  chern:
    - 2 4 1470000
    - 2 2 4 1 405000
    - 4 2 111750
    - 2 1 6 1 37500
    - 8 1 750

Kum-5:
  dimension: 10
  hodge: 1 0 1 0 1 0 1 0 1 0 1 0 5 4 6 4 6 4 6 4 5 0 1 4 22 28 34 32 34 28 22 4 1 0 6 28 109 136 170 136 109 28 6 0 1 4 34 136 493 488 493 136 34 4 1 0 6 32 170 488 2488 488 170 32 6 0 1 4 34 136 493 488 493 136 34 4 1 0 6 28 109 136 170 136 109 28 6 0 1 4 22 28 34 32 34 28 22 4 1 0 5 4 6 4 6 4 6 4 5 0 1 0 1 0 1 0 1 0 1 0 1
  chern:
    - 2 5 84478464
    - 2 3 4 1 26220672
    - 2 1 4 2 8141472
    - 2 2 6 1 3141504
    - 4 1 6 1 979776
    - 2 1 8 1 142560
    - 10 1 2592

Kum-6:
  dimension: 12
  hodge: 1 0 1 0 1 0 1 0 1 0 1 0 1 0 5 4 6 4 6 4 6 4 6 4 5 0 1 4 22 28 34 32 35 32 34 28 22 4 1 0 6 28 94 140 166 168 166 140 94 28 6 0 1 4 34 140 370 560 633 560 370 140 34 4 1 0 6 32 166 560 1199 1516 1199 560 166 32 6 0 1 4 35 168 633 1516 4488 1516 633 168 35 4 1 0 6 32 166 560 1199 1516 1199 560 166 32 6 0 1 4 34 140 370 560 633 560 370 140 34 4 1 0 6 28 94 140 166 168 166 140 94 28 6 0 1 4 22 28 34 32 35 32 34 28 22 4 1 0 5 4 6 4 6 4 6 4 6 4 5 0 1 0 1 0 1 0 1 0 1 0 1 0 1
  chern:
    - 2 6 5603050432
    - 2 4 4 1 1881462016
    - 2 2 4 2 631808744
    - 4 3 212190776
    - 2 3 6 1 268796752
    - 2 1 4 1 6 1 90412056
    - 6 2 12976376
    - 2 2 8 1 17075912
    - 4 1 8 1 5762400
    - 2 1 10 1 441784
    - 12 1 2744

Kum-7:
  dimension: 14
  hodge: 1 0 1 0 1 0 1 0 1 0 1 0 1 0 1 0 5 4 6 4 6 4 6 4 6 4 6 4 5 0 1 4 22 28 34 32 35 32 35 32 34 28 22 4 1 0 6 28 94 140 167 172 178 172 167 140 94 28 6 0 1 4 34 140 391 584 722 736 722 584 391 140 34 4 1 0 6 32 167 584 1443 2124 2424 2124 1443 584 167 32 6 0 1 4 35 172 722 2124 4590 5336 4590 2124 722 172 35 4 1 0 6 32 178 736 2424 5336 12432 5336 2424 736 178 32 6 0 1 4 35 172 722 2124 4590 5336 4590 2124 722 172 35 4 1 0 6 32 167 584 1443 2124 2424 2124 1443 584 167 32 6 0 1 4 34 140 391 584 722 736 722 584 391 140 34 4 1 0 6 28 94 140 167 172 178 172 167 140 94 28 6 0 1 4 22 28 34 32 35 32 35 32 34 28 22 4 1 0 5 4 6 4 6 4 6 4 6 4 6 4 5 0 1 0 1 0 1 0 1 0 1 0 1 0 1 0 1
  chern:
    - 2 7 421414305792
    - 2 5 4 1 149664301056
    - 2 3 4 2 53149827072
    - 2 1 4 3 18874417152
    - 2 4 6 1 24230756352
    - 2 2 4 1 6 1 8610545664
    - 4 2 6 1 3059945472
    - 2 1 6 2 1397121024
    - 2 3 8 1 1914077184
    - 2 1 4 1 8 1 681332736
    - 6 1 8 1 110853120
    - 2 2 10 1 71909376
    - 4 1 10 1 25700352
    - 2 1 12 1 1198080
    - 14 1 7680

Kum-8:
  dimension: 16
  hodge: 1 0 1 0 1 0 1 0 1 0 1 0 1 0 1 0 1 0 5 4 6 4 6 4 6 4 6 4 6 4 6 4 5 0 1 4 22 28 34 32 35 32 35 32 35 32 34 28 22 4 1 0 6 28 94 140 167 172 179 176 179 172 167 140 94 28 6 0 1 4 34 140 376 588 718 768 787 768 718 588 376 140 34 4 1 0 6 32 167 588 1400 2200 2696 2844 2696 2200 1400 588 167 32 6 0 1 4 35 172 718 2200 4794 7032 8026 7032 4794 2200 718 172 35 4 1 0 6 32 179 768 2696 7032 13144 15828 13144 7032 2696 768 179 32 6 0 1 4 35 176 787 2844 8026 15828 27377 15828 8026 2844 787 176 35 4 1 0 6 32 179 768 2696 7032 13144 15828 13144 7032 2696 768 179 32 6 0 1 4 35 172 718 2200 4794 7032 8026 7032 4794 2200 718 172 35 4 1 0 6 32 167 588 1400 2200 2696 2844 2696 2200 1400 588 167 32 6 0 1 4 34 140 376 588 718 768 787 768 718 588 376 140 34 4 1 0 6 28 94 140 167 172 179 176 179 172 167 140 94 28 6 0 1 4 22 28 34 32 35 32 35 32 35 32 34 28 22 4 1 0 5 4 6 4 6 4 6 4 6 4 6 4 6 4 5 0 1 0 1 0 1 0 1 0 1 0 1 0 1 0 1 0 1
  chern:
    - 2 8 35447947999488
    - 2 6 4 1 13129602781824
    - 2 4 4 2 4862661530400
    - 2 2 4 3 1800797040144
    - 4 4 666853820172
    - 2 5 6 1 2332758616128
    - 2 3 4 1 6 1 864167470848
    - 2 1 4 2 6 1 320117226120
    - 2 2 6 2 153694101888
    - 4 1 6 2 56953381608
    - 2 4 8 1 215605377504
    - 2 2 4 1 8 1 79938804096
    - 4 2 8 1 29638792620
    - 2 1 6 1 8 1 14239224576
    - 8 2 1322820801
    - 2 3 10 1 10441752768
    - 2 1 4 1 10 1 3878495784
    - 6 1 10 1 692780364
    - 2 2 12 1 254566800
    - 4 1 12 1 94850190
    - 2 1 14 1 2685636
    - 16 1 9477

Kum-9:
  dimension: 18
  hodge: 1 0 1 0 1 0 1 0 1 0 1 0 1 0 1 0 1 0 1 0 5 4 6 4 6 4 6 4 6 4 6 4 6 4 6 4 5 0 1 4 22 28 34 32 35 32 35 32 35 32 35 32 34 28 22 4 1 0 6 28 94 140 167 172 179 176 180 176 179 172 167 140 94 28 6 0 1 4 34 140 376 588 719 772 799 800 799 772 719 588 376 140 34 4 1 0 6 32 167 588 1421 2224 2785 3028 3126 3028 2785 2224 1421 588 167 32 6 0 1 4 35 172 719 2224 4959 7688 9537 10096 9537 7688 4959 2224 719 172 35 4 1 0 6 32 179 772 2785 7688 15677 22916 25842 22916 15677 7688 2785 772 179 32 6 0 1 4 35 176 799 3028 9537 22916 40490 47816 40490 22916 9537 3028 799 176 35 4 1 0 6 32 180 800 3126 10096 25842 47816 72180 47816 25842 10096 3126 800 180 32 6 0 1 4 35 176 799 3028 9537 22916 40490 47816 40490 22916 9537 3028 799 176 35 4 1 0 6 32 179 772 2785 7688 15677 22916 25842 22916 15677 7688 2785 772 179 32 6 0 1 4 35 172 719 2224 4959 7688 9537 10096 9537 7688 4959 2224 719 172 35 4 1 0 6 32 167 588 1421 2224 2785 3028 3126 3028 2785 2224 1421 588 167 32 6 0 1 4 34 140 376 588 719 772 799 800 799 772 719 588 376 140 34 4 1 0 6 28 94 140 167 172 179 176 180 176 179 172 167 140 94 28 6 0 1 4 22 28 34 32 35 32 35 32 35 32 35 32 34 28 22 4 1 0 5 4 6 4 6 4 6 4 6 4 6 4 6 4 6 4 5 0 1 0 1 0 1 0 1 0 1 0 1 0 1 0 1 0 1 0 1
  chern:
    - 2 9 3297871360000000
    - 2 7 4 1 1262135680000000
    - 2 5 4 2 482990816000000
    - 2 3 4 3 184814229440000
    - 2 1 4 4 70712975120000
    - 2 6 6 1 240910720000000
    - 2 4 4 1 6 1 92197363200000
    - 2 2 4 2 6 1 35281909440000
    - 4 3 6 1 13500841600000
    - 2 3 6 2 17605804800000
    - 2 1 4 1 6 2 6738177040000
    - 6 3 1287476640000
    - 2 5 8 1 25082624000000
    - 2 3 4 1 8 1 9603236160000
    - 2 1 4 2 8 1 3676588120000
    - 2 2 6 1 8 1 1835380960000
    - 4 1 6 1 8 1 702799360000
    - 2 1 8 2 191623650000
    - 2 4 10 1 1459909120000
    - 2 2 4 1 10 1 559476160000
    - 4 2 10 1 214406248000
    - 2 1 6 1 10 1 107096280000
    - 8 1 10 1 11208918000
    - 2 3 12 1 46722720000
    - 2 1 4 1 12 1 17937420000
    - 6 1 12 1 3443000000
    - 2 2 14 1 774480000
    - 4 1 14 1 298344000
    - 2 1 16 1 6090000
    - 18 1 18000

Kum-10:
  dimension: 20
  hodge: 1 0 1 0 1 0 1 0 1 0 1 0 1 0 1 0 1 0 1 0 1 0 5 4 6 4 6 4 6 4 6 4 6 4 6 4 6 4 6 4 5 0 1 4 22 28 34 32 35 32 35 32 35 32 35 32 35 32 34 28 22 4 1 0 6 28 94 140 167 172 179 176 180 176 180 176 179 172 167 140 94 28 6 0 1 4 34 140 376 588 719 772 800 804 811 804 800 772 719 588 376 140 34 4 1 0 6 32 167 588 1406 2228 2781 3060 3191 3220 3191 3060 2781 2228 1406 588 167 32 6 0 1 4 35 172 719 2228 4916 7764 9816 10892 11223 10892 9816 7764 4916 2228 719 172 35 4 1 0 6 32 179 772 2781 7764 16062 24832 30888 32944 30888 24832 16062 7764 2781 772 179 32 6 0 1 4 35 176 800 3060 9816 24832 47427 68308 76701 68308 47427 24832 9816 3060 800 176 35 4 1 0 6 32 180 804 3191 10892 30888 68308 111808 131964 111808 68308 30888 10892 3191 804 180 32 6 0 1 4 35 176 811 3220 11223 32944 76701 131964 173836 131964 76701 32944 11223 3220 811 176 35 4 1 0 6 32 180 804 3191 10892 30888 68308 111808 131964 111808 68308 30888 10892 3191 804 180 32 6 0 1 4 35 176 800 3060 9816 24832 47427 68308 76701 68308 47427 24832 9816 3060 800 176 35 4 1 0 6 32 179 772 2781 7764 16062 24832 30888 32944 30888 24832 16062 7764 2781 772 179 32 6 0 1 4 35 172 719 2228 4916 7764 9816 10892 11223 10892 9816 7764 4916 2228 719 172 35 4 1 0 6 32 167 588 1406 2228 2781 3060 3191 3220 3191 3060 2781 2228 1406 588 167 32 6 0 1 4 34 140 376 588 719 772 800 804 811 804 800 772 719 588 376 140 34 4 1 0 6 28 94 140 167 172 179 176 180 176 180 176 179 172 167 140 94 28 6 0 1 4 22 28 34 32 35 32 35 32 35 32 35 32 35 32 34 28 22 4 1 0 5 4 6 4 6 4 6 4 6 4 6 4 6 4 6 4 6 4 5 0 1 0 1 0 1 0 1 0 1 0 1 0 1 0 1 0 1 0 1 0 1
  chern:
    - 2 10 336252992654447616
    - 2 8 4 1 132107428736160768
    - 2 6 4 2 51898082311033728
    - 2 4 4 3 20386379301294336
    - 2 2 4 4 8007472661159664
    - 4 5 3144990890482320
    - 2 7 6 1 26693534659013376
    - 2 5 4 1 6 1 10486371945354624
    - 2 3 4 2 6 1 4119203015724192
    - 2 1 4 3 6 1 1617975749261520
    - 2 4 6 2 2119158341714304
    - 2 2 4 1 6 2 832451953404192
    - 4 2 6 2 326987093337168
    - 2 1 6 3 168265889899008
    - 2 6 8 1 3051655882366080
    - 2 4 4 1 8 1 1199055419079936
    - 2 2 4 2 8 1 471105410929296
    - 4 3 8 1 185086417093248
    - 2 3 6 1 8 1 242424490790592
    - 2 1 4 1 6 1 8 1 95252580881040
    - 6 2 8 1 19264369884144
    - 2 2 8 2 27756335356332
    - 4 1 8 2 10909113168228
    - 2 5 10 1 204371090647680
    - 2 3 4 1 10 1 80342429404512
    - 2 1 4 2 10 1 31583103012912
    - 2 2 6 1 10 1 16258455456144
    - 4 1 6 1 10 1 16391906873440
    - 2 1 8 1 10 1 1864193494284
    - 10 2 125480168748
    - 2 4 12 1 8013253087488
    - 2 2 4 1 12 1 3153305609256
    - 4 2 12 1 1240853563488
    - 2 1 6 1 12 1 639144656040
    - 8 1 12 1 73457352276
    - 2 3 14 1 178626056400
    - 2 1 4 1 14 1 70412082840
    - 6 1 14 1 14310113400
    - 2 2 16 1 12116210140
    - 4 1 16 1 836469612
    - 2 1 18 1 11419980
    - 20 1 15972

OG6:
  dimension: 6
  hodge: 1 0 1 0 1 0 1 0 6 0 12 0 6 0 1 0 173 0 173 0 1 0 12 0 1144 0 12 0 1 0 173 0 173 0 1 0 6 0 12 0 6 0 1 0 1 0 1 0 1
  chern:
    - 2 3 30720
    - 2 1 4 1 7680
    - 6 1 1920

OG10:
  dimension: 10
  hodge: 1 0 1 0 1 0 1 0 1 0 1 0 22 0 22 0 23 0 22 0 22 0 1 0 254 0 276 0 276 0 254 0 1 0 22 0 2299 0 2531 0 2299 0 22 0 1 0 276 0 16490 0 16490 0 276 0 1 0 23 0 2531 0 88024 0 2531 0 23 0 1 0 276 0 16490 0 16490 0 276 0 1 0 22 0 2299 0 2531 0 2299 0 22 0 1 0 254 0 276 0 276 0 254 0 1 0 22 0 22 0 23 0 22 0 22 0 1 0 1 0 1 0 1 0 1 0 1
  chern:
    - 2 5 127370880
    - 2 3 4 1 53071200
    - 2 2 6 1 12383280
    - 2 1 8 1 1791720
    - 2 1 4 2 22113000
    - 4 1 6 1 5159700
    - 10 1 176904
