K3:
  dimension: 2
  hodge: 1 0 1 0 20 0 1 0 1

K3-2:
  dimension: 4
  hodge: 1 0 1 0 1 0 21 0 21 0 1 0 232 0 1 0 21 0 21 0 1 0 1 0 1

K3-3:
  dimension: 6
  hodge: 1 0 1 0 1 0 1 0 21 0 22 0 21 0 1 0 253 0 253 0 1 0 22 0 2004 0 22 0 1 0 253 0 253 0 1 0 21 0 22 0 21 0 1 0 1 0 1 0 1

K3-4:
  dimension: 8
  hodge: 1 0 1 0 1 0 1 0 1 0 21 0 22 0 22 0 21 0 1 0 254 0 275 0 254 0 1 0 22 0 2256 0 2256 0 22 0 1 0 275 0 14234 0 275 0 1 0 22 0 2256 0 2256 0 22 0 1 0 254 0 275 0 254 0 1 0 21 0 22 0 22 0 21 0 1 0 1 0 1 0 1 0 1

K3-5:
  dimension: 10
  hodge: 1 0 1 0 1 0 1 0 1 0 1 0 21 0 22 0 22 0 22 0 21 0 1 0 254 0 276 0 276 0 254 0 1 0 22 0 2277 0 2530 0 2277 0 22 0 1 0 276 0 16469 0 16469 0 276 0 1 0 22 0 2530 0 87560 0 2530 0 22 0 1 0 276 0 16469 0 16469 0 276 0 1 0 22 0 2277 0 2530 0 2277 0 22 0 1 0 254 0 276 0 276 0 254 0 1 0 21 0 22 0 22 0 22 0 21 0 1 0 1 0 1 0 1 0 1 0 1

Kum-2:
  dimension: 4
  hodge: 1 0 1 0 1 0 5 4 5 0 1 4 96 4 1 0 5 4 5 0 1 0 1 0 1

Kum-3:
  dimension: 6
  hodge: 1 0 1 0 1 0 1 0 5 4 6 4 5 0 1 4 37 24 37 4 1 0 6 24 372 24 6 0 1 4 37 24 37 4 1 0 5 4 6 4 5 0 1 0 1 0 1 0 1

Kum-4:
  dimension: 8
  hodge: 1 0 1 0 1 0 1 0 1 0 5 4 6 4 6 4 5 0 1 4 22 28 33 28 22 4 1 0 6 28 88 112 88 28 6 0 1 4 33 112 814 112 33 4 1 0 6 28 88 112 88 28 6 0 1 4 22 28 33 28 22 4 1 0 5 4 6 4 6 4 5 0 1 0 1 0 1 0 1 0 1

Kum-5:
  dimension: 10
  hodge: 1 0 1 0 1 0 1 0 1 0 1 0 5 4 6 4 6 4 6 4 5 0 1 4 22 28 34 32 34 28 22 4 1 0 6 28 109 136 170 136 109 28 6 0 1 4 34 136 493 488 493 136 34 4 1 0 6 32 170 488 2488 488 170 32 6 0 1 4 34 136 493 488 493 136 34 4 1 0 6 28 109 136 170 136 109 28 6 0 1 4 22 28 34 32 34 28 22 4 1 0 5 4 6 4 6 4 6 4 5 0 1 0 1 0 1 0 1 0 1 0 1

OG6:
  dimension: 6
  hodge: 1 0 1 0 1 0 1 0 6 0 12 0 6 0 1 0 173 0 173 0 1 0 12 0 1144 0 12 0 1 0 173 0 173 0 1 0 6 0 12 0 6 0 1 0 1 0 1 0 1

OG10:
  dimension: 10
  hodge: 1 0 1 0 1 0 1 0 1 0 1 0 22 0 22 0 23 0 22 0 22 0 1 0 254 0 276 0 276 0 254 0 1 0 22 0 2299 0 2531 0 2299 0 22 0 1 0 276 0 16490 0 16490 0 276 0 1 0 23 0 2531 0 88024 0 2531 0 23 0 1 0 276 0 16490 0 16490 0 276 0 1 0 22 0 2299 0 2531 0 2299 0 22 0 1 0 254 0 276 0 276 0 254 0 1 0 22 0 22 0 23 0 22 0 22 0 1 0 1 0 1 0 1 0 1 0 1
